Fri 24 Jun 2016 18:55:37 AEST

The system pairs that have p <= 0.05 on a t-test with rho=1, and p>0.05 for rho=2.

                              ---------- rho=1 ----------    --------- rho=2 ----------    
                               sys1   sys2    diff  p-val    sys1   sys2    diff  p-val    d1-d2  p1-p2
RR                                                          
       acsys7mi       ibms98a 0.8324 0.7353 +0.0971 0.045   0.8304 0.7414 +0.0889 0.061   +0.0082 -0.016
       acsys7mi      iit98ma1 0.8324 0.9106 -0.0782 0.047   0.8304 0.9056 -0.0752 0.050   -0.0029 -0.003
       acsys7mi        INQ501 0.8324 0.7510 +0.0814 0.039   0.8304 0.7588 +0.0716 0.057   +0.0098 -0.018
        APL985L       LIArel2 0.6309 0.5193 +0.1116 0.048   0.6247 0.5138 +0.1109 0.052   +0.0007 -0.004
      att98atdc        INQ501 0.8196 0.7510 +0.0686 0.048   0.8216 0.7588 +0.0628 0.061   +0.0058 -0.013
      att98atde   MerTetAdtnd 0.7908 0.6750 +0.1158 0.046   0.7849 0.6818 +0.1031 0.074   +0.0126 -0.028
        Brkly25        gersh3 0.6428 0.5158 +0.1270 0.046   0.6404 0.5170 +0.1234 0.053   +0.0036 -0.007
        Brkly26       uwmt7a0 0.8173 0.6670 +0.1504 0.044   0.8136 0.6693 +0.1443 0.053   +0.0061 -0.009
      Cor7A3rrf       harris1 0.7381 0.8657 -0.1275 0.045   0.7335 0.8580 -0.1246 0.055   -0.0030 -0.010
         ETHAR0   LNaTitDesc7 0.5574 0.6885 -0.1311 0.040   0.5593 0.6834 -0.1242 0.052   -0.0070 -0.012
        fsclt7m       ibmg98a 0.6460 0.5108 +0.1352 0.044   0.6433 0.5110 +0.1323 0.050   +0.0029 -0.006
         gersh1       ibmg98b 0.7725 0.6570 +0.1155 0.047   0.7730 0.6594 +0.1136 0.051   +0.0019 -0.004
        harris1       ibms98a 0.8657 0.7353 +0.1304 0.041   0.8580 0.7414 +0.1166 0.069   +0.0138 -0.029
        harris1       ibms98b 0.8657 0.7405 +0.1252 0.050   0.8580 0.7440 +0.1141 0.075   +0.0111 -0.025
        harris1        INQ503 0.8657 0.7448 +0.1209 0.047   0.8580 0.7516 +0.1065 0.084   +0.0144 -0.037
        harris1     iowacuhk2 0.8657 0.7379 +0.1278 0.039   0.8580 0.7455 +0.1125 0.069   +0.0152 -0.029
        harris1       mds98td 0.8657 0.7370 +0.1286 0.046   0.8580 0.7453 +0.1127 0.080   +0.0159 -0.034
      MerAdRbtd     tno7cbm25 0.7073 0.8110 -0.1036 0.046   0.7075 0.8063 -0.0988 0.057   -0.0048 -0.010
    nttdata7At1       tno7tw4 0.6744 0.8058 -0.1314 0.032   0.6795 0.7990 -0.1194 0.053   -0.0120 -0.021
RBP 0.5                                                     
       acsys7as     Cor7A2rrd 0.4277 0.5442 -0.1165 0.048   0.4240 0.5370 -0.1130 0.061   -0.0035 -0.013
       acsys7mi        INQ503 0.7010 0.6081 +0.0929 0.050   0.6941 0.6102 +0.0839 0.065   +0.0090 -0.015
       acsys7mi     iowacuhk2 0.7010 0.5962 +0.1048 0.034   0.6941 0.6016 +0.0925 0.054   +0.0123 -0.021
       acsys7mi  nectitechdes 0.7010 0.6080 +0.0930 0.041   0.6941 0.6148 +0.0793 0.070   +0.0137 -0.029
       acsys7mi       tno7tw4 0.7010 0.6131 +0.0879 0.045   0.6941 0.6143 +0.0798 0.075   +0.0081 -0.030
       APL985LC       ibmg98a 0.4737 0.3806 +0.0931 0.031   0.4665 0.3842 +0.0823 0.055   +0.0108 -0.023
      att98atdc       mds98td 0.6942 0.6198 +0.0744 0.040   0.6856 0.6250 +0.0605 0.087   +0.0138 -0.047
      att98atdc       tno7tw4 0.6942 0.6131 +0.0811 0.031   0.6856 0.6143 +0.0713 0.053   +0.0098 -0.022
      att98atde       ibms98b 0.6781 0.5717 +0.1064 0.032   0.6662 0.5761 +0.0902 0.061   +0.0162 -0.029
      att98atde        INQ501 0.6781 0.6200 +0.0581 0.034   0.6662 0.6236 +0.0426 0.105   +0.0155 -0.071
      att98atde     iowacuhk2 0.6781 0.5962 +0.0819 0.032   0.6662 0.6016 +0.0647 0.084   +0.0172 -0.052
      att98atde    MerAdRbtnd 0.6781 0.5926 +0.0855 0.038   0.6662 0.5926 +0.0736 0.073   +0.0118 -0.035
      att98atde  nectitechdes 0.6781 0.6080 +0.0701 0.023   0.6662 0.6148 +0.0514 0.076   +0.0186 -0.053
      att98atde         ok7as 0.6781 0.5582 +0.1198 0.044   0.6662 0.5539 +0.1124 0.051   +0.0075 -0.007
        Brkly24     Cor7A2rrd 0.4446 0.5442 -0.0996 0.046   0.4453 0.5370 -0.0917 0.071   -0.0079 -0.025
        Brkly24   LNaTitDesc7 0.4446 0.5373 -0.0927 0.035   0.4453 0.5254 -0.0801 0.072   -0.0126 -0.037
   CLARIT98COMB   nttdata7At1 0.6686 0.5270 +0.1416 0.047   0.6631 0.5288 +0.1343 0.057   +0.0074 -0.010
      Cor7A1clt       LIArel2 0.4710 0.3688 +0.1022 0.039   0.4602 0.3678 +0.0924 0.050   +0.0097 -0.011
      Cor7A2rrd      tno7exp1 0.5442 0.6337 -0.0895 0.046   0.5370 0.6217 -0.0847 0.064   -0.0048 -0.018
      Cor7A3rrf        ETHAC0 0.5975 0.4782 +0.1193 0.045   0.5881 0.4805 +0.1076 0.071   +0.0117 -0.026
         ETHAB0       LIArel2 0.4579 0.3688 +0.0891 0.049   0.4522 0.3678 +0.0845 0.061   +0.0046 -0.011
        FLab7ad      pirc8Aa2 0.5273 0.6299 -0.1026 0.049   0.5280 0.6200 -0.0920 0.065   -0.0106 -0.016
        FLab7at      pirc8Aa2 0.5088 0.6299 -0.1211 0.033   0.5131 0.6200 -0.1068 0.052   -0.0143 -0.019
        FLab7at     tno7cbm25 0.5088 0.6279 -0.1192 0.047   0.5131 0.6215 -0.1084 0.068   -0.0108 -0.021
        FLab7at      tno7exp1 0.5088 0.6337 -0.1250 0.030   0.5131 0.6217 -0.1086 0.054   -0.0164 -0.024
       FLab7atE     MerAdRbtd 0.4425 0.5449 -0.1024 0.046   0.4513 0.5403 -0.0890 0.085   -0.0134 -0.039
        fsclt7m        gersh2 0.4974 0.3803 +0.1170 0.047   0.4909 0.3821 +0.1089 0.064   +0.0082 -0.017
         gersh2   nttdata7Al0 0.3803 0.4749 -0.0946 0.046   0.3821 0.4726 -0.0905 0.052   -0.0041 -0.006
        harris1        INQ501 0.7443 0.6200 +0.1243 0.040   0.7296 0.6236 +0.1059 0.071   +0.0184 -0.031
        harris1     LNmanual7 0.7443 0.6433 +0.1010 0.037   0.7296 0.6401 +0.0895 0.067   +0.0116 -0.030
        harris1       mds98td 0.7443 0.6198 +0.1245 0.049   0.7296 0.6250 +0.1045 0.091   +0.0199 -0.042
        harris1  nectitechdes 0.7443 0.6080 +0.1363 0.029   0.7296 0.6148 +0.1148 0.061   +0.0215 -0.032
        harris1         ok7am 0.7443 0.6302 +0.1141 0.027   0.7296 0.6400 +0.0896 0.074   +0.0245 -0.047
        harris1      tno7exp1 0.7443 0.6337 +0.1106 0.049   0.7296 0.6217 +0.1079 0.056   +0.0027 -0.008
        ibmg98a     nectitech 0.3806 0.4853 -0.1047 0.036   0.3842 0.4755 -0.0914 0.073   -0.0133 -0.037
        ibms98b       t7miti1 0.5717 0.6879 -0.1162 0.049   0.5761 0.6814 -0.1054 0.072   -0.0108 -0.022
        ibms98b      uoftimgr 0.5717 0.6994 -0.1277 0.045   0.5761 0.6843 -0.1082 0.085   -0.0195 -0.040
         INQ501       uwmt7a1 0.6200 0.7264 -0.1064 0.041   0.6236 0.7155 -0.0919 0.060   -0.0145 -0.019
         INQ503       uwmt7a1 0.6081 0.7264 -0.1183 0.034   0.6102 0.7155 -0.1054 0.050   -0.0130 -0.017
      iowacuhk2      uoftimgr 0.5962 0.6994 -0.1032 0.045   0.6016 0.6843 -0.0827 0.106   -0.0205 -0.061
       LIAClass       mds98t2 0.3695 0.4650 -0.0955 0.044   0.3629 0.4539 -0.0910 0.052   -0.0045 -0.007
        LIArel2       mds98t2 0.3688 0.4650 -0.0962 0.047   0.3678 0.4539 -0.0862 0.075   -0.0100 -0.028
     MerAdRbtnd      uoftimgr 0.5926 0.6994 -0.1068 0.041   0.5926 0.6843 -0.0916 0.082   -0.0151 -0.041
    MerTetAdtnd      tno7exp1 0.5455 0.6337 -0.0882 0.050   0.5394 0.6217 -0.0822 0.059   -0.0060 -0.010
   nectitechdes       uwmt7a1 0.6080 0.7264 -0.1184 0.026   0.6148 0.7155 -0.1007 0.051   -0.0176 -0.025
    nttdata7At1      tno7exp1 0.5270 0.6337 -0.1067 0.048   0.5288 0.6217 -0.0929 0.084   -0.0139 -0.036
        pirc8Ad     tno7cbm25 0.5248 0.6279 -0.1031 0.046   0.5216 0.6215 -0.1000 0.056   -0.0031 -0.010
        pirc8At      tno7exp1 0.5279 0.6337 -0.1059 0.049   0.5251 0.6217 -0.0966 0.066   -0.0093 -0.017
      tno7cbm25       uwmt7a0 0.6279 0.5059 +0.1220 0.036   0.6215 0.5118 +0.1097 0.057   +0.0123 -0.021
        tno7tw4       uwmt7a1 0.6131 0.7264 -0.1133 0.034   0.6143 0.7155 -0.1012 0.062   -0.0121 -0.028
RBP 0.85                                                    
       acsys7mi         ok7as 0.5776 0.4846 +0.0929 0.049   0.5651 0.4845 +0.0806 0.092   +0.0123 -0.043
       acsys7mi      pirc8Aa2 0.5776 0.5049 +0.0726 0.047   0.5651 0.4995 +0.0656 0.068   +0.0070 -0.021
       acsys7mi      tno7exp1 0.5776 0.4998 +0.0778 0.033   0.5651 0.4943 +0.0709 0.050   +0.0069 -0.017
      att98atde     iowacuhk2 0.5554 0.4951 +0.0604 0.032   0.5461 0.4938 +0.0523 0.052   +0.0080 -0.020
        Brkly24     MerAdRbtd 0.3798 0.4333 -0.0535 0.047   0.3780 0.4299 -0.0518 0.055   -0.0017 -0.009
         ETHAB0      LIAClass 0.3905 0.3393 +0.0512 0.040   0.3827 0.3378 +0.0449 0.069   +0.0064 -0.029
         ETHAB0       LIArel2 0.3905 0.3336 +0.0569 0.040   0.3827 0.3324 +0.0503 0.074   +0.0067 -0.033
         ETHAC0      LIAClass 0.3930 0.3393 +0.0537 0.049   0.3852 0.3378 +0.0474 0.079   +0.0063 -0.030
         ETHAC0       LIArel2 0.3930 0.3336 +0.0594 0.045   0.3852 0.3324 +0.0529 0.076   +0.0066 -0.030
        FLab7at        INQ503 0.4299 0.5105 -0.0806 0.046   0.4268 0.5029 -0.0760 0.052   -0.0046 -0.006
        FLab7at      uoftimgu 0.4299 0.5173 -0.0873 0.049   0.4268 0.5111 -0.0842 0.052   -0.0031 -0.004
       FLab7atE   LNaTitDesc7 0.3926 0.4559 -0.0633 0.047   0.3905 0.4498 -0.0593 0.059   -0.0040 -0.012
        fsclt7m      LIAClass 0.4190 0.3393 +0.0797 0.038   0.4129 0.3378 +0.0751 0.052   +0.0046 -0.014
        harris1       mds98td 0.6053 0.5220 +0.0833 0.038   0.5923 0.5192 +0.0731 0.062   +0.0102 -0.024
        harris1  nectitechall 0.6053 0.5311 +0.0742 0.039   0.5923 0.5248 +0.0676 0.052   +0.0066 -0.013
        harris1  nectitechdes 0.6053 0.5284 +0.0769 0.049   0.5923 0.5251 +0.0672 0.079   +0.0097 -0.030
        harris1         ok7am 0.6053 0.5310 +0.0744 0.030   0.5923 0.5312 +0.0612 0.068   +0.0132 -0.038
        ibmg98a   nttdata7At1 0.3518 0.4205 -0.0687 0.049   0.3507 0.4147 -0.0640 0.057   -0.0048 -0.007
        ibms98a       ibms98b 0.4781 0.4394 +0.0387 0.033   0.4736 0.4386 +0.0350 0.054   +0.0037 -0.022
        ibms98b        INQ503 0.4394 0.5105 -0.0711 0.040   0.4386 0.5029 -0.0643 0.058   -0.0069 -0.018
        ibms98b      pirc8Aa2 0.4394 0.5049 -0.0655 0.045   0.4386 0.4995 -0.0609 0.060   -0.0046 -0.014
        ibms98b       tno7tw4 0.4394 0.5041 -0.0647 0.044   0.4386 0.5011 -0.0625 0.057   -0.0022 -0.012
         INQ503      uoftimgr 0.5105 0.5799 -0.0694 0.045   0.5029 0.5661 -0.0632 0.062   -0.0062 -0.018
       LIAClass        mds98t 0.3393 0.4058 -0.0665 0.038   0.3378 0.3994 -0.0616 0.050   -0.0049 -0.012
       LIAClass      unc7aal1 0.3393 0.4089 -0.0696 0.047   0.3378 0.4038 -0.0660 0.054   -0.0036 -0.008
          ok7ax       tno7tw4 0.5613 0.5041 +0.0572 0.047   0.5571 0.5011 +0.0560 0.051   +0.0012 -0.004
      tno7cbm25      uoftimgr 0.5024 0.5799 -0.0775 0.034   0.4983 0.5661 -0.0678 0.064   -0.0098 -0.030
       tno7exp1      uoftimgr 0.4998 0.5799 -0.0801 0.037   0.4943 0.5661 -0.0718 0.059   -0.0083 -0.022
        tno7tw4      uoftimgr 0.5041 0.5799 -0.0759 0.047   0.5011 0.5661 -0.0650 0.089   -0.0109 -0.043
AP                                                          
       APL985LC       ibmg98b 0.1649 0.1953 -0.0304 0.039   0.1622 0.1889 -0.0268 0.069   -0.0036 -0.030
      att98atde  nectitechdes 0.2940 0.2584 +0.0356 0.044   0.2856 0.2523 +0.0333 0.051   +0.0022 -0.007
      Cor7A3rrf       mds98t2 0.2674 0.2181 +0.0494 0.046   0.2598 0.2127 +0.0471 0.050   +0.0023 -0.004
         gersh2      unc7aal1 0.1970 0.1506 +0.0464 0.049   0.1916 0.1481 +0.0436 0.061   +0.0028 -0.013
        ibms98a      uoftimgr 0.2336 0.2755 -0.0420 0.049   0.2276 0.2657 -0.0381 0.062   -0.0038 -0.014
       iit98ma1      pirc8Aa2 0.3323 0.2723 +0.0600 0.044   0.3240 0.2668 +0.0573 0.051   +0.0028 -0.007
    LNaTitDesc7   nttdata7Al0 0.2394 0.2032 +0.0362 0.046   0.2319 0.1983 +0.0335 0.053   +0.0026 -0.007
     MerAdRbtnd       tno7tw4 0.2278 0.2488 -0.0210 0.041   0.2224 0.2411 -0.0186 0.056   -0.0024 -0.015
          ok7am         ok7ax 0.2876 0.3033 -0.0157 0.043   0.2815 0.2958 -0.0143 0.070   -0.0014 -0.027
        pirc8At      tno7exp1 0.2427 0.2784 -0.0358 0.047   0.2370 0.2715 -0.0345 0.059   -0.0012 -0.012
       uoftimgr      uoftimgu 0.2755 0.2454 +0.0302 0.034   0.2657 0.2393 +0.0265 0.052   +0.0037 -0.017

So 62 of the 75 systems participate in the bottom-right corner.


